1101011101101001110011000111101111011100010010100001110111100001101100
1000011010010010001001000010001001010010100011001110000100011101010111
1010011110100010011101011010101001001100110011011100110000001110001111
1101100000101011111101110100110011010001010100101100010100110100100000
0011100110101011010011101111100110100011000010100100110001001011001001
0111111111100000110100100010011000101100011010111100001111010110010011
1000001011011110100111100100111010101111111111010101110110011111110100
1010110110111011000111110110010010100100100111001110100010000001110101
1100010011111110001101001010100111101110001100011010000101010111100001
1101100010111011000010000000000011110000111111111101101111101000110000
0010010111100001101110010010110000100111011110111010001011010110100011
0000010001110001100000001011100100000010010001000101100110011001001101
0100100100011111010001010100011100011111100000100010011101101101111000
0000001101100110110110110101010110100111110100011111111011101101100010
1100100010101101111100010001100101011010110101110011001110111001101111
1101000101100100000100111001111000100010001111010110111011000001011100
0011100101011100011000010010011111110100011100100010011001000111101010
1001101001110101100101000111111010100100110011010011101110010011101010
0110110010100111111110011101111101111000100010101001110100110010101100
